-0.17021675
0.83762197
0.26055785
0.94887978
0.78453431
0.060948995
0.34929651
-0.91791142
0.056335194
1.0916918
-0.26676298
0.54092242
0.56733678
0.054001649
1.2326673
-1.2956231
0.45091709
1.1700211
0.51017054
-0.17004134
0.17347402
1.4226945
0.082502446
0.096621941
0.75317834
1.0268251
1.7150248
0.11968099
0.97699469
1.0969471
1.2747513
-1.3186292
-0.29763794
0.11004051
0.83538664
-0.51703619
-0.86026219
1.12192
0.20812293
1.0222228
0.021245234
0.021245234
1.140088
0.76954135
0.52262616
0.4419179
-0.25971446
1.4637201
1.3580479
1.4112392
-0.070543279
0.33069432
1.0129933
0.4455929
0.0075287591
-0.57345693
0.4912151
0.12344384
-0.037488186
0.60166872
0.58265031
1.5774074
0.35813522
-0.10572684
1.6499578
0.45810134
-0.24133799
-0.26707994
1.6120789
-0.018014048
0.533242
1.1209597
1.8112213
0.68228298
0.47019445
1.3703855
1.1784526
1.3194451
-0.15219369
-0.64769919
1.1906608
0.70721456
0.34320958
0.12957827
0.79904859
1.2178386
0.75399982
0.64123013
0.3459413
0.1716105
1.1596972
-0.072633864
0.71505802
1.3457777
1.4290289
1.9454082
0.83466716
-0.062799539
1.4813963
1.4813963
1.1174856
1.2356002
-1.1514276
-1.3186292
-0.23772281
1.1030599
1.4481215
1.4211028
0.15953592
1.4152191
0.056281282
