1.5630446
-1.3873102
-0.31901813
-1.4172686
1.2099412
1.2449957
1.7024339
-1.7159836
-1.5072028
1.878491
-1.5065014
-1.7369297
-0.83734428
4.6504127
-2.0252965
1.3809862
0.33892239
-0.6655231
0.97635486
1.8757518
1.0118748
0.86240833
-1.0239157
0.49617048
2.1258689
-0.89917492
1.0772515
1.3182586
-0.98281957
2.1709104
-1.02589
-1.7369297
-1.2904859
-0.8999574
-1.7369297
-0.82165671
0.88160594
-1.3226715
1.982708
-0.53852623
-0.63101542
1.2377273
-1.9772354
0.97647552
-1.5072028
0.74375975
0.76891829
0.42647182
2.3311291
-1.4687702
1.9261826
-0.51110802
1.4235695
0.46708543
1.4389247
1.669353
0.96620307
-1.5072028
0.77168559
1.4827253
-1.2563184
-1.0377312
0.70654278
-1.7439822
0.29749811
-1.8761874
-1.2453944
-1.7439822
0.51625184
-1.0377312
-1.1606554
-0.10988633
1.7006917
-1.7439822
-1.6667052
0.99294747
-1.590831
0.83665941
-1.5072028
0.75208516
0.56496388
-1.725861
0.80729577
-1.9562893
-1.8414259
-1.7369297
-1.6454153
1.360844
-1.7125256
-1.5906349
0.48907542
-1.2390433
-1.7475085
0.66608364
1.1805023
-1.2390433
0.2074408
-1.2390433
0.7203155
-0.0013400198
-1.7369297
1.6832465
1.2787209
-1.1359543
-1.7948682
-2.0252965
-1.9334058
0.42699685
-1.4429338
2.406794
0.22258545
0.06943417
-1.1359543
-0.89917492
1.916867
-1.2891056
0.54762738
-1.5906349
0.7600679
-1.0949496
1.1033331
-1.5053267
