-0.10522091
-1.8125362
0.5406238
1.192942
-0.56051964
1.2879746
-1.7175036
0.18414674
1.7052094
0.69619144
-1.1846931
-1.4414044
-1.0194718
1.2058139
1.2058139
1.2058139
-0.68583276
1.0462214
-1.5553476
1.7240151
-0.50535401
-1.4302229
-1.6668092
-1.7196051
-1.6668092
-0.89826865
0.45070731
-0.78945753
-1.9031148
1.4385069
-0.76758373
-0.47155913
-1.8112138
1.166437
0.99442037
1.6135073
-1.3220016
-1.7906115
1.8205724
-1.0148583
-2.0281931
-0.66677971
4.3558685
-2.3338956
1.2884475
-0.45301111
-0.22045689
0.97538383
2.082673
1.0002682
0.54500796
-1.642795
0.73600528
1.9537864
-1.2679297
1.3750585
1.3909067
-0.93909476
1.7951887
-1.5200111
-2.0281931
-0.62992683
-0.62625045
-2.0281931
-0.45491201
1.2355833
-1.6459885
1.9223725
-0.13881203
-1.0326658
0.93835891
-2.2829452
0.99207243
-1.7906115
0.9738787
0.99451089
0.72626334
2.101696
-1.7929291
1.5060374
-0.06294253
1.1269568
-0.31714329
1.5954724
1.59415
1.2283389
-1.7906115
1.012158
1.5203399
-1.5186887
-0.97047692
0.77646459
-2.0396401
0.41770684
-1.4918363
-1.8056986
-2.0396401
0.78883665
-0.97047692
-0.72315248
0.1890346
1.592361
-2.0396401
-1.1846931
1.0116262
-1.8812525
1.1285062
-1.7906115
0.71824762
1.0680111
-1.5780761
0.60702353
-1.5767537
-1.457963
-2.0281931
-1.26009
1.3829873
-1.3770571
-1.2701189
0.84385894
-1.5553476
-2.0453637
0.88162293
1.0803507
-1.5553476
0.50335083
-1.5553476
1.0601381
-0.042696358
-2.0281931
1.2742373
1.4256377
-1.5169583
-1.3205609
-1.3192385
-1.2242059
0.81436746
-1.0164095
2.0155417
0.64870272
0.49031504
-1.5169583
-1.2679297
1.8419669
-1.675346
0.77784071
-1.2701189
0.98475158
-1.7175036
0.76999612
-1.3983455
