-1.5596984
-0.81489838
1.3785739
-1.1770188
-1.7003295
-1.9041976
-1.7003295
-0.92767695
-0.97116532
0.38382164
-2.1731736
1.1605331
1.3697901
-2.1731736
1.0476375
-1.5596984
-2.6152635
-2.3344939
-1.6142411
0.48800673
-2.6152635
-2.0592097
1.6311124
-1.9043063
0.83017752
-1.5596984
1.2832511
1.5908028
-1.0757691
-2.0602779
-1.5658164
1.0742497
-1.8181543
0.81933633
1.1421678
-0.55867593
-2.2053613
-1.4851085
-1.4851085
1.737949
-1.9473823
-1.4851085
-1.2638539
-1.4851085
1.1272822
-0.017738215
-1.7818451
0.55740659
1.300695
-0.5137278
1.3910115
-1.6915286
0.17491598
1.7751635
0.68114543
-1.2043389
-1.387207
-0.96504482
1.2232333
1.2232333
1.2232333
-0.64062688
1.027307
-1.5526488
1.6989256
-0.55867593
-1.3846482
-1.6501537
-1.7003295
-1.6501537
-0.84014508
0.5160954
-0.72675364
-1.8679335
1.4788552
-0.73882044
-0.45394302
-1.7818451
1.1872048
0.99793846
1.6219005
-1.3236928
-1.8181543
1.8335819
-1.0429232
-2.0439456
-0.67350462
4.458508
-2.3344939
1.3213654
-0.44900961
-0.22009297
0.98862104
2.0907547
1.0440523
0.60571783
-1.6205247
0.77359178
1.9862951
-1.2655054
1.3646187
1.380951
-0.88936251
1.8153913
-1.5596984
-2.0439456
-0.63791887
-0.60829531
-2.0439456
-0.45450524
1.2216244
-1.6388008
1.923857
-0.12849984
-0.99999998
0.96015012
-2.2860692
0.99879611
-1.8181543
1.0846822
1.0197829
0.72051766
2.1097824
-1.7784401
1.5722487
-0.091298474
1.1421678
-0.31987701
1.6119137
1.6119137
1.2415067
-1.8181543
1.0193981
1.5036453
-1.5596984
-0.93245966
0.80281101
-2.0548338
0.5672331
-1.4851085
-1.7893283
-2.0548338
0.7856342
-0.93245966
-0.73402229
0.26192193
1.6401447
-2.0548338
-1.2043389
1.0484365
-1.9043063
1.1084657
-1.8181543
0.73884091
1.1261136
-1.5658164
0.68758024
-1.5658164
-1.4529207
-2.0439456
-1.2538229
1.3760188
-1.3499851
-1.2293008
0.82544287
-1.5526488
-2.0602779
0.93369229
1.1258378
-1.5526488
0.55367131
-1.5526488
1.06195
0.047110399
-2.0439456
1.3202559
1.450498
-1.502185
-1.3334715
-1.3334715
-1.243155
0.94580243
-1.0061751
2.0564959
0.65635864
0.50583109
-1.502185
-1.2655054
1.8426679
-1.6527125
0.81597241
-1.2293008
0.99921276
-1.6915286
0.80875968
-1.3710861
