-0.80355196
0.87001043
-1.3356999
1.976953
-0.52636891
-0.6440082
1.2439649
-1.9935513
0.95880082
-1.5166955
0.75226698
0.73610485
0.3913371
2.3057734
-1.4786076
1.9318454
-0.48761926
1.4341299
0.43579045
1.4039548
1.6590491
0.94267255
-1.5166955
0.72957151
1.4775659
-1.2542011
-1.0133993
0.70518007
-1.7577974
0.29478477
-1.8726872
-1.2342095
-1.7577974
0.48777651
-1.0133993
-1.15212
-0.10417434
1.6865303
-1.7577974
-1.6563069
0.9902772
-1.6041936
0.81637657
-1.5166955
0.74650524
0.55832997
-1.6997429
0.81315106
-1.9548372
-1.8396344
-1.7471012
-1.637731
1.3523513
-1.7142347
-1.5921921
0.4649951
-1.2482018
-1.7631455
0.63558497
1.1687392
-1.2482018
0.21527974
-1.2482018
0.69442805
0.023588017
-1.7471012
1.687067
1.2396548
-1.1536038
-1.787747
-2.0428413
-1.950679
0.39888912
-1.437342
2.4247455
0.18917956
0.035575716
-1.1536038
-0.91250184
1.9067094
-1.3072076
0.55204719
-1.5921921
0.71763965
-1.0913911
1.1036103
-1.4822221
