1.3606856
1.6437693
0.87040947
-1.5476296
0.71201666
1.4884998
-1.282276
-1.0133838
0.66956393
-1.7881114
0.32766012
-1.9217362
-1.2227517
-1.7881114
0.40166786
-1.0133838
-1.1424121
-0.049618547
1.6809285
-1.7881114
-1.6570584
0.95300385
-1.6360808
0.73060088
-1.5476296
0.64653182
0.59944164
-1.7208858
0.86278968
-2.0039694
-1.8899465
-1.7756756
-1.6829865
1.3599831
-1.7535057
-1.6251984
0.40365677
-1.2653536
-1.7943294
0.57065549
1.1037216
-1.2653536
0.2682676
-1.2653536
0.65936538
0.058627565
-1.7756756
1.6497393
1.1962191
-1.1628427
-1.7886316
-2.0717153
-1.9804969
0.45986143
-1.4244993
2.4161712
0.21109851
0.059067897
-1.1628427
-0.92236088
1.8845247
-1.3148733
0.61233846
-1.6251984
0.69295782
-1.0721445
1.0856657
-1.4943064
