1.1558117
1.8307869
-1.3927513
-1.6772848
-1.6996547
1.1220545
-1.4105075
0.9759545
1.2072431
-1.27158
-1.7341572
-1.6418325
-1.7351434
1.4940998
-1.6199375
-1.6418325
-1.4155159
-1.6418325
0.89133548
-0.34187276
-1.1376335
0.39116961
1.6760945
-0.53376087
1.7219723
-1.0917557
0.21454715
1.8158538
0.79403982
-1.6408464
-0.77353811
-1.1331741
1.203738
1.203738
1.203738
-0.75872426
0.93176784
-1.2322383
1.4723648
-1.1782692
-1.5922681
-1.7705373
-1.796025
-1.7705373
-0.98965419
0.84623761
-0.8995046
-1.1993105
1.6396255
-1.19559
-0.23595641
-1.2309444
1.2454299
1.1341067
1.6969074
-1.6194991
-1.5038183
1.7537753
-1.5252021
-1.6185129
-1.0095178
4.7110942
-1.8266727
1.4532192
0.60821354
-0.44011379
1.0059556
1.8672825
1.0820981
0.89737128
-1.0455929
0.74769927
2.1028918
-0.90808998
1.0423821
1.1944647
-0.97120173
2.0073258
-1.1782692
-1.6185129
-1.181416
-0.8306676
-1.6185129
-0.86360104
0.90725142
-1.3096511
1.8534864
-0.68003273
-0.63651
1.1544442
-1.7919794
0.98196388
-1.5038183
0.59568908
0.96620135
0.57917633
2.3395642
-1.3469329
1.8741661
-0.67411106
1.300554
0.700729
1.5680682
1.661379
1.0358604
-1.5038183
0.91911846
1.3593622
-1.27158
-1.0461042
0.71441465
-1.6576941
0.34751628
-1.7351434
-1.2928033
-1.6576941
0.66681701
-1.0461042
-1.2190166
-0.17289422
1.7397204
-1.6576941
-1.6408464
1.0078484
-1.5812311
0.89810564
-1.5038183
0.79584737
0.52480094
-1.6996547
0.70369113
-1.7929655
-1.7356182
-1.6185129
-1.5480306
1.283502
-1.5421392
-1.4186938
0.52318726
-1.2322383
-1.6772848
0.92050315
1.2431986
-1.2322383
0.052529162
-1.2322383
0.73225784
-0.063151587
-1.6185129
1.6212116
1.4524239
-1.0619658
-1.7333619
-1.8266727
-1.7807948
0.54955003
-1.3855335
2.2210991
0.23769284
0.16122976
-1.0619658
-0.90808998
1.7952129
-1.1384289
0.43632621
-1.4186938
0.93425469
-1.0917557
1.0724572
-1.4715827
