0.81066572
0.48324594
-1.7408586
0.40380921
1.8892049
-1.3695276
1.2982182
1.3558988
-0.9232592
1.8469132
-1.5281746
-2.2413498
-0.77674071
-0.66542157
-2.2413498
-0.40421058
1.0807728
-1.7443319
1.8832296
-0.067491411
-1.1410955
0.95684896
-2.5440534
0.8588724
-1.8885587
1.0260621
0.7007642
0.48143308
1.9166274
-2.0129177
1.4789056
-0.0052355684
1.1722243
-0.71222921
1.338465
1.4462331
1.0593039
-1.8885587
0.76467722
1.4778524
-1.6359428
-0.93758582
0.66221659
-2.2079581
0.39416759
-1.5643851
-1.8717578
-2.2079581
0.55325941
-0.93758582
-0.71542973
0.18064303
1.4075966
-2.2079581
-1.2518899
0.88260417
-1.972764
0.95686412
-1.8885587
0.66107631
1.0016093
-1.5575181
0.68446673
-1.6652863
-1.4888907
-2.2413498
-1.302469
1.3056656
-1.4766947
-1.3728619
0.71964931
-1.6601266
-2.1912622
0.54349573
0.98737707
-1.6601266
0.56919788
-1.6601266
0.95309318
0.011679768
-2.2413498
1.2748979
1.1366627
-1.688927
-1.4133318
-1.5211
-1.3799835
0.63397398
-1.1130724
2.0843127
0.55595121
0.32075712
-1.688927
-1.3695276
1.806314
-1.9241211
0.76895141
-1.3728619
0.71442297
-1.8366784
0.75858058
-1.3887562
