-1.8382132
-0.64404559
1.6094272
-1.1904758
-1.7541106
-2.0203737
-1.7757957
-1.0222123
-0.98980709
0.5086915
-2.4043808
1.2817314
1.4219902
-2.397708
1.1832473
-1.878246
-2.8477069
-2.6182657
-1.6868985
0.54925737
-2.8477069
-2.2774308
1.6638854
-2.0301117
0.88924716
-1.8482214
1.2771164
1.8521366
-0.99944285
-2.2234015
-2.5756945
1.248332
-1.9988181
0.94616695
1.3325146
-0.70651961
-2.4949291
-1.5016069
-1.5464049
1.8709512
-2.0490949
-1.5702347
-1.3262608
-1.5702347
1.2338054
-0.0096905802
-2.0131405
0.58948756
1.4436363
-0.50446032
1.6243291
-1.8736953
-0.83032855
1.8580823
-0.31644793
-1.3407936
-1.5970352
-0.96863909
1.3009852
1.3009852
1.3009852
-0.60754724
1.1292277
-1.6993767
1.722945
-0.72411049
-1.3988847
-1.6983262
-1.7757957
-1.6683015
-0.7948683
0.56616223
-0.64769191
-2.0953649
1.5430818
-0.79994437
-0.49189736
-2.0064677
1.2582701
1.0122218
1.65794
-1.4093911
-1.9921453
2.0018263
-1.1866228
-2.3407583
-0.72556323
4.6625985
-2.6090274
1.375739
-0.66554563
-0.28697064
1.048368
2.1570066
1.0709345
0.6886943
-1.7925828
0.76384603
2.0779329
-1.3803473
1.5387806
1.5498135
-1.8268985
1.8863176
-1.8849189
-2.3167386
-0.66556122
-0.61603189
-2.3167386
