-2.2796091
0.20527448
-0.93145018
0.20527448
1.7299895
-1.1537332
-1.2930914
2.0136673
-1.2930914
2.0136673
1.1166457
-1.9225316
1.3494483
-1.898984
1.5701285
1.3392335
-1.9411881
-0.76721946
-2.0704497
1.3332467
1.474738
-1.8225087
1.0153089
-2.140936
1.3961026
0.83805725
-0.75913117
-1.2654371
0.57413564
-1.3182792
1.4670608
-1.898984
1.4505521
1.1220402
-0.18531988
-2.2125014
-0.41699446
-1.762214
-0.54126696
-0.15242933
-1.5199951
1.5025116
-1.2345266
0.26098951
-1.625915
0.91096599
-1.0141732
-0.94718583
-0.78169431
-1.2821226
1.0982973
-1.183139
-1.3210566
-1.2107081
-1.655407
-0.67181821
0.95940811
-2.5026981
-0.45142992
1.4876772
-1.8582284
-1.1791964
-1.761994
-1.5442583
1.2319683
-1.688333
-0.3044447
-0.60949722
0.42845268
1.5277707
0.34387448
0.84914708
0.84914708
0.54883948
-1.7246334
-2.5179853
-1.8363462
-2.5949337
-1.4162695
-2.0830644
0.85359752
-2.4408256
1.3709035
-1.7279152
-1.7279152
1.131663
1.131663
-2.5792354
2.5005287
-1.3851467
1.209022
1.9493414
1.6337836
-1.1589971
-2.3577797
-1.207539
-1.2070798
0.82794383
-2.515738
-2.216303
0.976332
1.9350264
-1.898984
1.4671595
-2.4051294
-2.2125278
-0.8976376
2.0879779
-1.056852
-1.3373377
0.72674917
1.525375
1.1488393
-1.9749513
1.2664203
-0.46682874
-0.69821553
-1.1607077
-1.0068254
