1.2638986
1.6645029
-1.0262609
-2.0680544
-1.6045501
1.1234676
-1.8554321
0.85807033
1.1985086
-0.5350674
-2.2534757
-1.5194405
-1.4767341
1.8002846
-1.932789
-1.5194405
-1.3035496
-1.5194405
1.1952129
-0.089382366
-1.8787019
0.55822312
1.2651665
-0.51004203
1.3733789
-1.7704895
0.11695311
1.7302196
0.63107313
-1.2586504
-1.4834574
-0.9650469
1.2324326
1.2324326
1.2324326
-0.62832792
1.026778
-1.5536565
1.7076416
-0.57777384
-1.3845059
-1.6862814
-1.7463994
-1.6862814
-0.8315966
0.47874292
-0.70979551
-1.9694854
1.4324943
-0.76108073
-0.49270902
-1.8359954
1.1531142
0.99709004
1.5949614
-1.306515
-1.8127257
1.8474433
-1.0884313
-2.0832565
-0.67664576
4.4786228
-2.389651
1.276325
-0.49992743
-0.23603076
0.9557586
2.1266459
0.9909832
0.58226024
-1.6923707
0.75049137
2.0434414
-1.2590701
1.4335607
1.3756521
-0.92721001
1.8325868
-1.6153055
-2.0832565
-0.63973564
-0.58145264
-2.0832565
-0.41304691
1.2449757
-1.6336987
1.9332925
-0.13361589
-1.000001
0.96645411
-2.3385852
0.97191551
-1.8127257
1.066618
1.0133271
0.73043579
2.0920195
-1.8241874
1.5653497
-0.10938024
1.1558022
-0.3637521
1.6254259
1.5827194
1.276351
-1.8127257
1.0337509
1.5017019
-1.5725991
-0.96578498
0.77077802
-2.0731217
0.58813827
-1.4767341
-1.8567591
-2.0731217
0.80296742
-0.96578498
-0.75761737
0.22714687
1.5975496
-2.0731217
-1.2586504
1.0146113
-1.8927678
1.1434057
-1.8127257
0.79785462
1.1434492
-1.6045501
0.69340404
-1.5618437
-1.4265782
-2.0832565
-1.2383389
1.3642846
-1.3478575
-1.2300988
0.87318244
-1.5536565
-2.0680544
0.90760266
1.1725117
-1.5536565
0.54847983
-1.5536565
1.1121168
0.01715885
-2.0832565
1.3320641
1.4552067
-1.5194662
-1.3948258
-1.3521193
-1.243907
0.93519791
-1.0692905
2.0760071
0.70226122
0.52190731
-1.5194662
-1.2590701
1.8594803
-1.6998201
0.78997186
-1.2300988
1.0066056
-1.7704895
0.8113214
-1.4117074
