1.2685089
-0.91455774
-0.55567541
-2.039889
0.95831226
1.1515057
1.5198131
-1.3348723
-1.7690978
1.8943605
-1.0823858
-2.1678377
-0.52895577
4.4702366
-2.557796
1.1140918
-0.65791883
-0.3676427
0.76248758
2.1382734
0.86385067
0.58396088
-1.775526
0.63707747
2.0656872
-1.2511908
1.4067801
1.3330055
-1.0258703
1.9014943
-1.517907
-2.1678377
-0.70286896
-0.66536928
-2.1678377
-0.32388828
1.3249879
-1.6032507
1.9865203
-0.037686729
-1.0016133
0.85555314
-2.492803
0.78307434
-1.7690978
1.1009004
0.88491222
0.56934246
1.917399
-1.9182602
1.4606783
0.0055228689
1.0954703
-0.48460399
1.5040502
1.5040502
1.3607826
-1.7690978
0.80634796
1.4562786
-1.517907
-1.0336088
0.80766753
-2.1186546
0.49885711
-1.5515158
-1.8690772
-2.1186546
0.8074594
-1.0336088
-0.73355083
0.20121645
1.4656762
-2.1186546
-1.2990293
1.0491831
-1.8528281
1.2407465
-1.7690978
0.89667593
1.1474513
-1.6598376
0.54345682
-1.6598376
-1.4604677
-2.1678377
-1.269194
1.2824321
-1.4772215
-1.3637773
0.93849189
-1.5195204
-2.0940631
0.78985022
1.1470333
-1.5195204
0.60174561
-1.5195204
1.1432848
-0.049480732
-2.1678377
1.3007467
1.2874067
-1.6007476
-1.4723441
-1.4723441
-1.3128482
0.74002776
-1.1653631
2.1106089
0.56675126
0.3009247
-1.6007476
-1.2511908
1.910997
-1.8665741
0.72418803
-1.3637773
0.77780156
-1.880393
0.68481098
-1.4969956
