-1.5083105
1.9634901
-1.4490757
1.4218422
-1.0448595
-0.36478963
-1.3485401
-1.7564423
1.5483951
0.34034291
1.3069288
1.1814582
0.93429002
0.80989617
-1.4245944
1.5829556
0.68222278
1.1496275
0.14755261
1.4934692
-1.1496088
-1.4000898
-1.7267169
0.42120528
-2.0205308
-0.14333047
-2.0041992
0.8144544
0.051101629
2.2919547
1.2687871
1.3450597
-0.90333031
-1.8643946
-2.2066424
-2.2066424
1.0558024
-1.9742091
-1.5493331
-0.94392766
-1.1490012
1.2935065
-1.4867643
-1.1144113
-0.056529254
-1.5383755
1.572476
0.44147965
-1.6807128
0.9077104
-0.47423305
-1.8141987
1.529694
-1.6643128
0.89796024
-1.9623575
0.90604378
-1.0988063
-0.50173552
1.5750749
-1.8134263
-0.31158932
0.83442795
0.62708671
-1.7564423
-1.3647083
0.92213565
-0.21898654
1.7821244
-1.2214445
-0.79517277
0.67109715
-0.78146114
0.91891214
-1.7564423
-1.0357793
1.2851899
0.24687938
-1.6643128
-0.68535727
-0.68999186
-1.8714463
-1.8714463
1.5477152
-0.16757982
1.8220368
-1.2364037
-1.1595734
2.0536411
-1.1653241
1.4775613
-2.1132242
-0.017560447
-1.1354319
-1.921001
-1.4308141
0.29748246
1.1628388
1.526292
-1.7564423
1.2405904
-1.1526986
-1.0599767
0.89836802
1.032078
-1.6807128
-1.2140291
2.2572189
0.91688611
-1.5643529
-1.7657115
1.2639382
1.0280243
-1.5383755
-1.4296421
1.0767507
