-0.47096098
1.1288594
-1.6590365
2.1497894
-0.074150233
-1.0807537
1.0704257
-2.4550588
1.000913
-1.8393968
1.0150203
0.86014056
0.61947563
2.1343945
-1.9487668
1.646137
0.0023763555
1.4032571
-0.41729747
1.6229936
1.5931243
1.1869137
-1.8393968
0.92144711
1.6055496
-1.6429288
-0.92429684
0.82230243
-2.1243964
0.42274271
-1.5515371
-1.8122055
-2.103481
0.7486763
-0.92429684
-0.55563985
0.27382424
1.6597454
-2.1348541
-1.2547169
1.0961901
-1.8578265
1.1763849
-1.8393968
0.78899217
1.0721338
-1.5461509
0.76036077
-1.6248861
-1.4524101
-2.1425181
-1.2485741
1.5027436
-1.4404265
-1.337233
0.89738175
-1.6123711
-2.1101068
0.76044893
1.2170766
-1.6123711
0.62200252
-1.549625
1.0466964
0.014819558
-2.1843488
1.4414217
1.317028
-1.5797069
-2.7532522
-1.4947185
-1.2621665
0.78673696
-1.0939211
2.1618881
0.7276011
0.39548229
-1.6032367
-1.3077794
1.950472
-1.8332048
0.77032404
-1.337233
0.88288215
-1.7439797
0.91528857
-1.3651181
