-0.10120969
-1.8640472
0.5452354
1.1744545
-0.57023117
1.2792865
-1.7592152
0.17094101
1.7131262
0.68846304
-1.1971499
-1.4810082
-1.0280717
1.2089444
1.2089444
1.2089444
-0.6999344
1.0722806
-1.5494455
1.7326473
-0.49515252
-1.4366915
-1.7009815
-1.7592215
-1.7009815
-0.90516185
0.43665692
-0.78915056
-1.9576468
1.4304227
-0.75550031
-0.5052446
-1.8423967
1.1496283
0.99521424
1.6115217
-1.3280725
-1.792085
1.8467774
-1.0216505
-2.0541649
-0.6715753
4.4231974
-2.3700637
1.2783707
-0.4844508
-0.21296498
0.95647956
2.1239348
0.99717985
0.53870677
-1.6803575
0.75738982
1.9750449
-1.264418
1.4119432
1.3914618
-0.96763962
1.792695
-1.5493174
-2.0541649
-0.61291545
-0.63188627
-2.0541649
-0.43847936
1.276891
-1.6375849
1.9444888
-0.11086217
-1.0217785
0.90796441
-2.3174139
0.97278788
-1.792085
1.0236819
1.0128795
0.73268026
2.0871451
-1.8115254
1.4888369
-0.048643631
1.1031657
-0.34405133
1.61592
1.5942695
1.2827187
-1.792085
1.0141403
1.5189878
-1.5276669
-0.99755531
0.79617894
-2.0549443
0.45440066
-1.5035718
-1.8339553
-2.0549443
0.8224458
-0.99755531
-0.71661371
0.2139097
1.5920841
-2.0549443
-1.1971499
1.0341931
-1.8802244
1.1734445
-1.792085
0.74799093
1.1204622
-1.612972
0.59052237
-1.5913215
-1.4602816
-2.0541649
-1.26422
1.377678
-1.3911669
-1.2808762
0.88737509
-1.5494455
-2.055334
0.90660409
1.0973506
-1.5494455
0.5384029
-1.5494455
1.1058134
-0.051749439
-2.0541649
1.2654176
1.4404207
-1.5272773
-1.3375493
-1.3158988
-1.2110669
0.85721317
-1.0287489
2.0153349
0.67065193
0.49593201
-1.5272773
-1.264418
1.865399
-1.7019972
0.78654661
-1.2808762
0.987599
-1.7592152
0.74270795
-1.4329709
