1.3119424
1.4629351
1.0418375
-2.054498
0.7266447
1.4743861
-1.81725
-0.91033435
0.68426219
-2.3732477
0.41173048
-1.588542
-1.9868632
-2.3732477
0.53054136
-0.91033435
-0.73091787
0.18558914
1.4321559
-2.3732477
-1.2764521
0.91036247
-2.1335807
0.92837381
-2.054498
0.68163048
0.95131495
-1.5370074
0.7320272
-1.6880002
-1.5082498
-2.4139986
-1.3276806
1.3063228
-1.4947672
-1.3877709
0.68699599
-1.8191062
-2.3528723
0.52769015
1.0062361
-1.8191062
0.57178656
-1.8191062
0.92142553
0.051188686
-2.4139986
1.3425887
1.1130261
-1.8460328
-1.4355851
-1.5865778
-1.4427775
0.60965099
-1.1294474
2.1370921
0.50721319
0.26754608
-1.8460328
-1.527283
1.8296136
-2.0856999
0.76042327
-1.3877709
0.6805257
-1.9500399
0.81422146
-1.3639148
