0.81812587
0.50652173
-1.7956738
0.40605531
1.9663295
-1.4106352
1.3144123
1.4010358
-0.91056481
1.9313973
-1.5193132
-2.2835479
-0.76356497
-0.64024844
-2.2835479
-0.33512962
1.1446688
-1.7990378
1.9268702
-0.044720955
-1.1812326
0.99304266
-2.607735
0.86096175
-1.9301237
1.0514812
0.70801523
0.48427282
1.9306798
-2.0541453
1.5192545
0.059060227
1.2231874
-0.75796399
1.3592688
1.4751293
1.0836666
-1.9301237
0.75912119
1.5233559
-1.6351737
-0.91787026
0.67898267
-2.2640565
0.40958171
-1.5532193
-1.9187933
-2.2640565
0.56235704
-0.91787026
-0.70813905
0.19016778
1.4228636
-2.2640565
-1.2452526
0.90059256
-2.0284404
0.99460649
-1.9301237
0.69715598
1.0598518
-1.5454212
0.69666785
-1.6612817
-1.4845696
-2.2835479
-1.2767255
1.3388067
-1.4768022
-1.3725283
0.74002463
-1.7007211
-2.2543108
0.54639657
1.021323
-1.7007211
0.59267598
-1.7007211
0.97228364
0.047145634
-2.2835479
1.3025145
1.1431441
-1.744568
-1.4181524
-1.5340129
-1.3926433
0.62462755
-1.1173663
2.1676287
0.55366862
0.31805251
-1.744568
-1.4106352
1.8359695
-1.9801841
0.80481272
-1.3725283
0.70573289
-1.8958537
0.77085689
-1.3807884
