-0.3709672
1.2156808
-1.6881124
1.9668684
-0.046584076
-1.0851028
0.92728364
-2.5346448
0.83405368
-1.8455879
1.0755356
0.80820707
0.52513214
1.9481501
-1.9794465
1.5049661
0.004226636
1.1564791
-0.57368174
1.4335886
1.5074971
1.2328486
-1.8455879
0.78020441
1.4815214
-1.5935321
-0.97290084
0.77360396
-2.1798416
0.44689907
-1.5658004
-1.864439
-2.1798416
0.70175043
-0.97290084
-0.72052092
0.20004326
1.4708567
-2.1798416
-1.2714176
1.0088015
-1.9296065
1.1200227
-1.8455879
0.80717833
1.062814
-1.5964599
0.62207857
-1.6703685
-1.4826921
-2.2209406
-1.2931131
1.3105155
-1.4845908
-1.3748208
0.83790257
-1.6040938
-2.1592921
0.69193878
1.0879726
-1.6040938
0.59254739
-1.6040938
1.0516642
-0.0032795594
-2.2209406
1.3281218
1.2244524
-1.6608506
-1.4387265
-1.512635
-1.362494
0.67746724
-1.1340346
2.1323746
0.53876179
0.28852667
-1.6608506
-1.3265969
1.8912924
-1.9110857
0.74957888
-1.3748208
0.74509019
-1.854345
0.7486655
-1.4305027
