0.22519538
1.6659628
-1.8225124
-0.93858736
1.541521
-1.8776867
-1.6281244
-1.4509751
0.26546461
-1.8177763
1.2251877
-1.5996671
0.84154099
-1.8691675
-1.777379
-1.8801336
-1.9047429
0.51650931
-1.9047429
-1.5009326
2.0282862
1.9247908
1.7474527
1.3450037
1.2920358
2.078456
1.7620027
-1.6413874
-1.7026945
1.7426622
-0.68408843
1.6312957
-1.805477
0.51693832
-2.0060924
-0.5607608
-0.95456172
-0.66222099
0.54092242
1.0089953
0.34137406
0.96718439
-1.2602446
2.1695455
-1.8768094
-3.0211054
-0.54942181
-0.24688976
0.74518608
0.85818404
1.6207109
-0.46717809
0.50366239
0.79408226
0.41187388
-2.0427095
1.3288423
-0.95768125
-0.11227791
-1.1630096
-1.8691675
1.323437
-1.645648
1.0411076
-2.7871289
-1.8691675
-1.0543046
2.1465445
2.1243454
0.16615235
1.7534894
-0.78466652
-1.0163508
0.0091511013
1.5409102
-1.4710372
-1.0660775
-1.4483683
-1.6770713
0.55099173
-0.63525383
0.5693003
-0.99569178
-0.13529187
-1.8506133
-1.8691675
0.60977457
-1.3644409
0.41085538
-1.5226217
-1.5531154
-1.6261013
0.037866784
-1.507485
-1.7688598
-1.5332056
1.4417449
-2.7254495
-0.66193755
1.9277902
-0.43973542
3.690259
1.3372073
-1.7444685
-1.8375637
1.1156956
-1.5006234
-1.3311892
-1.5596682
0.26331555
-0.50012076
0.087980206
-0.048452391
-1.3775949
0.53245942
0.82069685
-1.6795326
1.1899766
-1.81022
2.1712599
-0.48584156
0.93019608
0.94184583
1.7544321
0.53847536
0.58923939
-2.557677
1.456687
1.4885584
1.3247665
0.63388376
-2.7871289
-2.7871289
0.65173445
-1.777379
-2.7226771
-0.14230984
-0.13330212
1.4653217
0.32933507
-0.96639807
0.84281437
1.1040198
-2.7762868
-1.277615
0.18052739
-0.34838921
-2.7298886
-1.8375637
1.8859278
1.2486427
1.5767305
1.214105
1.3609736
-1.4202808
0.085232941
1.1558655
-1.4264742
-1.9981346
-1.5545296
1.8986277
0.056573594
1.3793584
0.89042822
1.1749472
-1.7688598
1.121699
-1.5100902
-1.5412407
1.6420671
0.76219916
-1.8776867
0.54247449
-0.25809148
-2.5371191
0.94283581
-1.7618353
-0.85961879
-0.21506004
-1.6700467
-1.2956231
-1.2670503
-0.73046659
-1.6480601
-0.22484069
1.3502201
-0.61429252
1.7356925
-1.8375637
2.2723661
-1.3962601
-0.90552532
0.55748771
-1.9063461
0.34804431
-2.0347517
0.72555634
-1.3116649
1.2423133
-0.41463653
-1.2401565
-1.9096731
1.8337277
2.1856377
0.96632615
0.42415663
0.72276316
-1.5401568
0.51992113
-1.5393839
1.5135379
1.0594654
-1.4301322
-1.9694753
1.8188109
0.69499888
-0.626003
-1.67738
1.4038252
-1.6823019
-1.2002504
0.75079057
1.0068843
-1.9293522
1.5663215
-1.9806632
-1.6770713
-1.7421684
-1.5410797
-1.0785246
1.577097
-1.6750903
1.8199358
1.0356488
1.327744
2.1638752
1.2632955
-0.95399688
-1.7688598
1.7395931
-2.1917522
0.4194998
1.2690026
-1.4563242
-1.274299
2.4141373
-1.1888258
0.017948267
2.1313266
1.3503978
-1.0074326
1.3949268
0.11580885
-1.7853572
-1.2715426
-2.6367552
1.9468029
1.903185
-1.6770713
0.74966156
-0.44984832
1.7357626
2.3365122
1.7717228
-1.9096731
0.81437628
-1.331945
-1.9293522
-1.5570378
0.568496
-1.4000071
2.1187848
1.8148945
2.3804562
-1.0034817
2.1486096
2.1795461
1.1880421
-1.5011176
1.516389
1.2951148
-1.5581359
1.5330162
2.3916162
-0.64145861
-0.65536941
1.9413827
-0.13261207
-0.91084891
1.1247078
0.1909189
1.1938403
1.0385785
-1.643403
-1.1365032
0.58678147
-1.7158556
0.58678147
0.12660276
0.67856999
0.58678147
0.7205251
0.87346025
-1.777379
0.062023744
-0.85685159
-1.385282
-2.1459725
2.0134305
-2.784806
-1.5682912
-1.6481315
-1.5410797
-1.4407719
1.5880009
-0.36704642
-0.89296654
0.91078057
0.27167409
-1.0340072
-0.45274544
-0.56387595
-1.5682444
-1.5682444
1.8279795
-0.77221968
0.41021182
-0.87088049
-1.159754
-1.4436283
1.414912
-1.2119253
-1.4436283
-0.67504286
0.78892949
-1.5699
-0.67504286
-1.7211607
-1.7211607
1.2926832
-0.69961735
2.3736051
0.73630726
-1.4128024
-1.8375637
-2.6920518
-1.179851
-0.52487758
0.097230841
-1.8691675
0.62724508
1.6535015
-1.4029351
1.0000002
-1.6770713
-1.2813872
1.3324382
-1.5004604
-1.4317082
-1.0215475
-0.63532082
-3.2820207
-3.2820207
3.1409883
-1.7688598
1.1628235
-1.2215462
0.3537866
0.91879831
-1.1908346
-2.9169709
-3.2826551
-3.2826551
-0.77197863
0.66310765
0.19134276
0.64092267
0.27098165
-1.8691675
-1.9863424
-0.70302839
0.92714605
-3.1239766
-0.83241319
1.8427028
0.43477739
0.6857236
0.80214146
1.8659914
0.69044286
-1.4764559
-1.4400955
-1.2276891
-1.0350329
-1.2713322
-1.9293522
-1.7688598
0.77770442
-0.903174
2.5121137
0.86754368
-1.9981346
0.79103587
0.9593322
1.3980893
0.37303327
1.3063007
-0.90390327
-0.10040331
1.1127217
0.77751211
0.7662453
1.9317453
-1.1174188
1.34089
0.53131802
-1.5727494
-1.3902142
-1.6035505
1.9375477
-1.2023196
0.22270847
-2.1102886
-1.507485
-1.3133347
-1.1997002
-1.5682444
1.5741936
-1.3083051
1.3675751
1.6988252
-1.537578
0.65347247
-1.0138336
1.6331155
-1.0359967
-1.5620127
0.42973693
-1.4301322
1.4401222
-1.0837247
0.75622048
-2.4257287
0.35294004
-1.998769
0.35734954
0.92990216
0.73510139
1.5973511
-1.3892246
0.14850109
0.37128133
-1.8691675
1.3213894
-0.67513205
-1.6558098
0.9693072
-1.6045159
1.8479394
1.4403383
-1.7688598
1.4184625
0.15437322
-2.6664154
2.1303317
-1.4908685
1.7883309
-1.5419162
-1.7943838
-1.6547045
-1.9063461
-1.9197819
-1.9063461
0.81796274
1.7209441
1.3600207
2.3757019
0.78525796
1.4056169
-0.25413856
-0.22904638
-0.99864555
0.78202174
1.5525369
-0.76310654
1.7389643
-1.0160107
1.1572706
-1.6930528
-1.473827
-1.9293522
-1.9293522
0.56650779
-2.8473135
1.1680217
-1.4716389
-2.6920518
0.67451783
0.51761498
1.4084579
-1.0931509
-0.97272011
0.92691926
-1.8139962
-1.2539942
1.7487229
-1.0545651
-0.99354045
1.2251059
0.93003557
1.3445437
1.4614053
-1.4764559
-1.5770723
-0.65513967
-2.0405532
-1.8751064
-0.82603081
-1.8751064
-2.0300912
-1.8751064
-1.6209035
-1.8751064
-0.76651248
0.37403802
0.93632611
-1.3881155
0.53310795
1.7417936
-0.74027038
1.3369921
-1.3327271
-2.168132
-1.3327271
1.9743227
-1.0982933
1.9311312
-1.5770723
2.0562156
1.2515425
-1.3377882
-1.6038519
-0.21895958
1.7281096
-1.4407719
-2.6844983
-0.53795374
1.6752716
2.4641454
2.3178963
1.3575092
2.4435265
-1.1519629
1.2214971
0.14098184
-1.1715288
-1.5272659
-1.8776867
0.63902152
0.60338774
-0.8758515
0.35045455
-1.3625691
-1.3462948
1.8487652
-1.3462948
-1.3462948
-1.0831647
2.2537597
-1.6741558
-0.98394178
-1.3621576
-1.2813872
0.8854727
0.097438623
1.1776718
1.5524261
0.85440209
-1.7006492
1.4790957
-1.6679773
-1.4462695
0.9971121
-0.83381596
0.1983075
0.97461509
-0.7489431
-1.0395411
0.24880882
2.2127273
1.747271
-3.0322107
-3.2262879
0.62045726
-1.8375637
-1.9293522
1.4240082
-1.5962415
0.89486927
-1.4764559
-1.3909598
-0.37188623
0.86107767
0.27873946
1.3112691
1.5355073
-1.9179904
1.6477766
1.3468534
-1.7688598
-1.1395826
1.6263402
2.0145976
-1.513073
-1.5642302
2.0875091
1.6947974
-1.1709002
1.3490347
0.50200033
0.85199991
1.3561471
-1.3199731
2.0477577
1.3891339
1.6499058
0.398154
-1.3621044
-0.66126806
-1.6705646
-1.272891
1.6511537
-1.777379
1.8042233
-2.5285999
1.605755
1.4655515
0.7863084
0.30988771
-1.664538
-1.7351171
0.86169594
-0.48828389
0.49505939
1.2569845
-0.93677807
-1.6110496
0.96539141
-1.2883153
0.6980663
0.65866436
0.89496371
-1.6625715
0.4418157
-1.5805669
1.9639957
-0.53371201
-2.5921912
1.3603085
-0.35886891
0.8598183
1.2305723
0.41771498
-1.6770713
1.0688449
-1.6770713
1.8717802
1.6501302
-0.72292605
-1.1605215
-1.3919834
1.3478261
-2.8449907
0.78654386
-1.9293522
-1.7768835
-2.8449907
-0.49292991
-0.96528839
-1.7210119
1.2048365
-1.5790553
0.74407652
1.6027983
2.1594025
2.2875558
1.3027442
-1.9293522
1.0986512
1.0905107
1.2492182
-1.581235
1.027934
2.4509172
1.1387838
1.4195901
0.96501883
-2.784806
-0.69774259
1.5298154
-0.21216237
-1.2384006
-1.9445586
-1.3479928
0.077829334
0.78694864
-1.7158556
-1.9056597
-1.8279123
0.69516013
-1.4071995
1.1849334
0.99651074
2.1489192
2.0235101
1.130903
0.80559965
-1.6770713
-0.87460955
0.7412304
1.1789781
-1.7869227
1.0388247
0.2430886
-1.1581368
1.1177967
-1.507485
-0.73386926
-1.3419796
-1.388611
-1.5032428
2.1179979
-1.4764559
-1.5682444
-1.1729964
-1.7331759
-1.2364804
-1.6413874
0.97391987
-1.7740904
0.91583227
-1.7740904
0.26877153
1.6912268
1.7805252
2.2120132
1.4547465
1.4547465
0.5341049
-0.92315521
1.2054589
0.29495556
-0.5701839
-0.30247432
-0.26065026
-0.58805501
2.4284897
-3.2533614
-3.2533614
0.80559965
0.80559965
0.71381114
1.9757139
0.20929355
1.8111184
1.5840041
-1.2165166
0.31567644
-1.3896079
-1.2271381
2.1088223
-1.5833018
1.8319936
1.3455807
-1.2468558
-1.4003157
-1.1350923
-3.0492033
-1.894196
-1.894196
1.6812548
1.4281986
-1.8375637
-1.6328682
-1.1320793
-1.2859485
-1.1131302
-0.36868921
1.1472446
-1.4407719
0.95156037
1.7058866
1.8351626
-1.3377882
-1.5325605
-1.5079512
-1.5325605
-0.89914671
1.6127361
1.5073945
0.26201365
-0.7313651
-1.2401565
-2.8521305
0.54688924
1.5763879
-1.9602574
-1.9293522
-0.82579661
1.481312
-0.86743896
-1.1004754
1.6547355
-1.3267878
-0.44427467
-0.070608782
-2.0369583
0.39517984
-1.6395654
-0.61187178
-1.249011
-1.6295905
0.6464515
-2.4468957
-2.4468957
1.4525172
-1.7331759
-1.8776867
-1.8776867
-1.4486771
-0.35428829
-1.8691675
-2.6308886
-1.091243
1.5074687
-1.9293522
-1.7886119
0.29300044
-2.8851504
-1.0679324
3.0795792
-0.96639807
1.2922892
0.6029537
-1.3672856
-1.2232105
-1.1314057
-1.8375637
-1.8375637
-1.2575407
0.83776018
1.3461824
-1.8691675
1.436941
1.5628992
-2.5371191
0.94080379
0.038761279
-2.7246581
-1.4183017
1.0499987
-1.5699
-1.7105114
0.76859991
0.248237
-2.2587608
0.32933507
-1.8375637
-1.2276891
0.32933507
-1.2543446
2.4317427
-1.1309653
1.0244803
0.91879831
-1.5100902
-1.5020573
0.76802979
1.1683197
-0.55667591
1.1387838
-1.4606195
-1.3219826
-2.9137731
0.77273528
1.0922758
0.77273528
-0.76854365
0.38466146
0.076390959
2.4330446
0.22211287
0.398154
-1.2727084
-1.3511209
0.78401131
-1.7136884
-1.6770713
-1.9293522
1.4904889
-1.9293522
0.49165681
-0.95162606
1.6535015
1.1073215
-3.2533614
0.33429914
1.2518324
1.157256
1.2470452
0.83726972
-1.2860571
0.78805113
-1.8375637
-1.5011176
-1.6481315
-1.4136424
2.475861
-1.1668804
0.022784155
3.1187854
-2.7871289
-1.5278166
-0.7489431
-1.4722967
-1.777379
-2.9167543
-1.8691675
1.6169142
0.41021182
0.41021182
-1.7166989
-3.1823474
1.1278575
0.52601117
1.328893
-2.0497214
-2.0497214
2.0379778
-0.29632842
-0.37888289
2.1556987
0.55346881
-1.6770713
0.97938929
1.9249141
0.58519871
1.5194973
0.37628124
-0.81323344
0.56802157
1.8934168
1.9821127
3.1499048
-2.4838829
0.398154
-2.1102886
0.061248266
-0.18654057
-1.0955532
-1.2405203
2.622531
-0.10071225
2.360204
-1.8506133
-1.777379
-0.75939243
2.0613456
-1.3225513
0.23382128
0.96512098
-2.5285999
1.0145233
-0.89021013
-0.15020311
-1.1951474
-1.8843594
1.3428901
1.0852413
0.89866427
0.61632658
-0.6383102
2.0623642
-1.0883015
-1.0883015
-0.94831618
-1.4819952
-1.3267334
-0.060167438
-1.4819952
0.84756137
0.50200033
-1.7895847
-1.9247306
-2.9160108
-3.110088
-0.72204119
-0.37390322
1.8579178
-1.0894407
1.5282151
0.5110383
-1.0894407
-0.45099866
-1.4892002
-0.45099866
-1.9293522
-1.0884981
-0.80600151
1.5485482
1.7209441
-1.2401565
-1.637257
0.38362408
-1.0088247
0.81584777
0.71113498
0.17441502
2.4284897
-1.637257
-0.69976122
1.6934676
0.41459518
1.3284616
-1.5401568
0.47391866
0.88814884
2.726832
2.0536555
1.8925046
-0.97337581
1.2923455
1.369902
-1.8375637
1.4074709
-1.5761888
-1.8400905
0.86469685
1.3934002
1.3221695
1.1009962
1.3742036
2.0117338
-1.2140926
0.082217575
-1.2304004
-0.29010886
-1.2339559
-0.35361363
-1.1112167
-1.9063461
1.1565036
0.65311495
-1.9063461
0.40262801
-1.8986108
-1.4519361
1.4988022
0.48111457
1.78357
-0.71891206
-1.2447025
1.2521903
-1.5100902
-1.2401565
1.3020406
-0.48007583
-1.6074001
-1.0747353
-1.4839051
1.5449808
-1.8411941
1.4950689
-1.2879378
1.2667594
-0.26803557
0.1250538
-2.0347517
-1.9981346
0.20522138
-2.4658884
1.0602013
1.3189709
-0.93047433
-1.2009813
-1.396709
-1.0104904
1.525849
-0.9078661
1.4273091
0.73193347
1.0567203
-0.15212229
0.1843048
1.7388683
0.9446467
1.1196476
2.0194719
-0.71154449
-1.65619
0.99338362
1.4008814
-1.7014827
0.89223551
2.0087807
2.0354114
-1.4029351
-3.0527459
-1.372134
-1.4897579
-1.4027769
0.35921583
1.4559921
-1.5760144
-1.580822
-1.9445586
-1.7066579
-1.1585406
-1.1723149
1.6253988
0.79264905
-1.3781224
-1.7181155
0.83490317
0.71879451
-1.5401568
-1.135964
-0.8310267
-0.49756991
2.0407236
0.53816333
1.2579972
-1.7688598
-0.50725145
-1.851519
0.6667317
1.8095112
1.7799065
1.7623284
1.2681402
1.2974339
1.4319372
0.82464711
-0.94638332
1.2974123
-0.87460955
1.3315355
-1.172294
-1.2215462
-2.6868212
0.92097125
-1.9293522
-1.9293522
-1.1312876
-1.9293522
-1.8691675
-1.4071995
1.3394961
-0.93188174
-0.93188174
1.7803297
1.7069684
-1.4157757
1.6563507
-1.8262019
-1.473827
1.7158752
1.5504674
-3.0527459
-3.0527459
-1.6770713
2.2164555
-1.4436283
-0.3755165
-1.0597446
-1.9981346
-1.4191323
1.8516337
-2.0362345
0.6428585
-0.81979331
1.7339261
-0.98718759
-0.77029788
-2.760342
-1.7688598
1.393042
1.368973
-0.011323968
-1.6930528
-0.70293345
-1.7740904
0.8978814
-1.9293522
-1.0278491
1.6181072
-1.0516946
-1.7081004
-1.6035505
-1.6035505
0.94798214
0.87082807
2.2100085
-1.4815849
1.3745498
1.3149906
0.34059733
0.50757843
0.056281282
-0.45685156
-1.5410797
-2.9589764
-1.1104035
-1.3717784
-1.0796832
-1.978175
1.9076526
1.4044837
1.1010743
-1.8691675
-1.777379
-0.007680732
-1.5770723
-0.96639807
-0.88301048
-1.5682444
-0.27269278
1.4721939
2.1935264
0.81299328
-1.777379
-1.4136424
-1.5078716
1.1861855
-3.0211054
-1.1849395
1.4229591
1.679908
-2.0185001
-1.5325605
-1.4630152
1.780299
-1.4764559
-1.2401565
-1.0707888
-0.46085086
1.3054998
-3.1022141
0.55824413
1.749498
-0.98336601
-1.5325605
-1.366231
0.61047182
-0.95037813
-1.4126498
-1.6565361
-1.4868767
0.24779236
-1.805477
0.21170508
-2.664654
-1.1062764
2.3721325
-0.44549939
0.44168178
-1.3470025
-0.77247715
1.5546695
1.2133557
-1.4311668
0.26931657
1.5524315
-1.4767646
0.65284158
-0.97187784
1.2912149
0.52208184
-0.3114637
