1.3738675
1.7658419
1.4945624
0.54944577
1.2920358
1.9335713
1.7620027
1.458234
0.6150787
1.1852741
2.0967322
1.4748036
0.69994316
-0.40437313
2.1243454
1.76499
0.80605533
1.1496497
1.6510291
-0.59075407
1.4103013
0.67478957
0.73475612
0.63388376
1.3047956
0.84281437
-0.62898386
1.6564846
1.2486427
0.085232941
1.7680545
1.1749472
1.121699
1.4287324
2.0204013
2.1372955
0.41260306
0.51992113
1.1347311
0.80202497
1.5686474
1.2885404
1.3614359
1.7395931
0.43483389
2.1277923
-0.2649465
1.3503978
1.6598191
1.7357626
2.1829378
0.40725463
1.8312898
2.103695
2.2163737
1.0183536
2.099521
-0.45908865
0.94225354
0.062023744
1.7213353
1.5576134
0.41021182
0.88706987
2.247735
0.73630726
0.097230841
-0.49005571
1.0000002
1.3324382
2.867294
1.1628235
0.45192698
0.42687969
0.64092267
0.63505083
1.5690085
0.47403354
1.8659914
-1.5634274
0.56412151
0.37303327
0.93935869
0.79644234
1.858932
0.53131802
1.6454525
1.4129522
1.6988252
1.8686524
1.148027
0.35294004
1.615752
-0.65213092
1.3052677
1.3341486
1.8459035
1.5028074
0.90519864
1.3600207
2.0989408
0.86377026
-0.057857797
1.4266668
-1.0160107
1.1938403
0.56650779
0.77265821
1.2625506
1.4614053
-1.118126
1.7417936
1.3369921
1.9743227
1.823662
1.3637029
-0.38020095
2.1851937
2.0806216
1.2214971
0.64285504
2.1285187
1.771708
1.5066971
0.1983075
-1.0395411
1.4240082
-0.64098031
1.5355073
1.5018693
1.6493414
2.0145976
0.8854727
1.5148352
0.398154
-0.86493522
1.4474866
1.8042233
0.50200033
0.7863084
0.2683911
0.96539141
2.1832776
1.3679756
1.2305723
1.4791765
1.3554932
0.78654386
-0.73196829
1.6027983
1.2048365
0.9971121
2.2095851
1.3516339
1.027934
2.1703226
1.5390158
1.8111538
1.0388247
1.0393468
1.7277738
1.4547465
1.4547465
1.0345052
2.1593957
0.80559965
0.20929355
1.4106411
1.962915
1.0600572
1.799987
1.3115289
1.1478411
1.4514947
1.2960603
1.2842927
1.1892167
1.3718407
0.38568227
-0.64638351
2.787484
0.83776018
1.503207
1.2179397
0.99688401
1.3268842
0.32933507
2.1442477
0.6267031
0.77273528
0.15490327
0.398154
1.6649607
0.26013235
1.1073215
1.0702641
0.86656344
2.1903375
2.8266902
0.41021182
1.1278575
1.4485013
1.8767364
1.8751041
1.0084145
1.5887578
1.9811296
2.5202417
-0.68088013
1.9539449
0.96512098
0.85328194
1.4270104
1.1833817
2.0623642
1.1572706
0.037972944
0.68632
1.8579178
1.3603437
1.7209441
0.1866023
0.71113498
2.1593957
1.4501017
1.1240791
0.60755419
2.6787729
1.3549975
2.0117338
0.65311495
1.2759307
0.18901935
1.4914748
-0.72310086
1.4950689
0.30336177
1.1583417
1.525849
1.1352139
1.1003383
1.7923994
0.95231374
2.0194719
0.99338362
0.95766244
1.7922424
1.4559921
0.79264905
1.0966109
1.1880421
2.1503645
1.3234241
1.0209279
1.0053171
1.5278163
0.92097125
1.6339172
1.4933459
1.9121559
1.5504674
2.3260965
1.5595385
1.777544
1.5315629
0.8978814
1.0881827
2.1371951
1.1863453
0.056281282
1.9229867
0.070831575
1.1800986
2.1935264
0.81299328
1.4459602
1.4009563
0.67697633
1.749498
0.64972797
0.40798585
2.3721325
0.44168178
1.2717748
0.27315009
0.99911972
